Symmetry information from Dalton (Hermit module)
funct #, unique centre #, L, M , Func.type #, # of sym.gen.functions , Phases
    1     1     0     0     1     1     1
    2     1     0     0     2     1     1
    3     1     0     0     3     1     1
    4     1     1     1     1     1     1
    5     1     1    -1     1     1     1
    6     1     1     0     1     1     1
    7     1     1     1     2     1     1
    8     1     1    -1     2     1     1
    9     1     1     0     2     1     1
   10     2     0     0     1     1     1
   11     2     0     0     2     1     1
   12     2     0     0     3     1     1
   13     2     1     1     1     1     1
   14     2     1    -1     1     1     1
   15     2     1     0     1     1     1
   16     2     1     1     2     1     1
   17     2     1    -1     2     1     1
   18     2     1     0     2     1     1
   19     3     0     0     1     1     1
   20     3     0     0     2     1     1
   21     3     0     0     3     1     1
   22     3     1     1     1     1     1
   23     3     1    -1     1     1     1
   24     3     1     0     1     1     1
   25     3     1     1     2     1     1
   26     3     1    -1     2     1     1
   27     3     1     0     2     1     1
   28     4     0     0     1     1     1
   29     4     0     0     2     1     1
   30     4     0     0     3     1     1
   31     4     1     1     1     1     1
   32     4     1    -1     1     1     1
   33     4     1     0     1     1     1
   34     4     1     1     2     1     1
   35     4     1    -1     2     1     1
   36     4     1     0     2     1     1
END
